-----------------------------------------
Jacobi diagonalization with cyclic sweeps
-----------------------------------------
Random real symmetric matrix A:
      6.62       5.41        8.6      0.781       9.42 
      5.41       9.21       4.41       6.17      0.218 
       8.6       4.41       6.87       7.56       5.83 
     0.781       6.17       7.56       1.52       4.43 
      9.42      0.218       5.83       4.43       9.31 

Eigenvalues of A:
     -7.81      0.224       2.49       9.99       28.6 

Eigenvectors of A (matrix V):
     0.517     -0.277     -0.422      0.623     -0.299 
    -0.352      0.284     -0.594        0.3      0.594 
      0.55      0.391     -0.446     -0.589   -0.00916 
    -0.214      0.745     0.0479      0.267      -0.57 
     0.511      0.367      0.517      0.321      0.483 

V*A*V^T:
     -7.81  -1.62e-08  -2.17e-12  -1.33e-15   1.33e-15 
 -1.62e-08      0.224   -4.4e-15   2.96e-15   -5.5e-15 
 -2.17e-12   -4.6e-15       2.49   3.58e-08  -1.79e-10 
 -2.66e-15   2.66e-15   3.58e-08       9.99   9.65e-12 
         0  -3.55e-15  -1.79e-10   9.65e-12       28.6 

Matrix D:
     -7.81          0          0          0          0 
         0      0.224          0          0          0 
         0          0       2.49          0          0 
         0          0          0       9.99          0 
         0          0          0          0       28.6 

-----------------------------------------
Quantum particle in a box
-----------------------------------------
Eigenvalues of the Hamiltonian (k, calculated, exact, error):
0      9.85121629023148      9.86960440108936      0.0183881108578809
1      39.1847980490616      39.4784176043574      0.293619555295805
2      87.3454511043953      88.8264396098042      1.48098850540896
3      153.257391273985      157.91367041743      4.65627914344483
4      235.448248907834      246.740110027234      11.2918611193998
5      332.081994480176      355.305758439217      23.2237639590409
