-----------------------------------------
Jacobi diagonalization with cyclic sweeps
-----------------------------------------
Random real symmetric matrix A:
      3.48       8.45        6.8       8.69       6.83 
      8.45       5.03       8.87       2.85       3.65 
       6.8       8.87       0.24       8.25       7.05 
      8.69       2.85       8.25       0.79       5.17 
      6.83       3.65       7.05       5.17       6.36 

Eigenvalues of A:
     -10.7      -4.92      -1.12       2.55         30 

Eigenvectors of A (matrix V):
     0.352     -0.408      0.622     -0.549     -0.145 
     0.727   -0.00857      -0.63     -0.261     0.0757 
    -0.301      0.419    -0.0135     -0.663      0.542 
     0.083      0.681     0.0772     -0.181     -0.701 
     0.499       0.44      0.458      0.397      0.435 

V*A*V^T:
     -10.7  -4.25e-08   1.44e-12   2.69e-14   2.78e-15 
 -4.25e-08      -4.92    2.3e-13   1.11e-15  -3.39e-08 
  1.44e-12    2.3e-13      -1.12   9.44e-16  -2.31e-10 
  2.74e-14      2e-15   1.11e-15       2.55    6.8e-12 
  4.66e-15  -3.39e-08  -2.31e-10    6.8e-12         30 

Matrix D:
     -10.7          0          0          0          0 
         0      -4.92          0          0          0 
         0          0      -1.12          0          0 
         0          0          0       2.55          0 
         0          0          0          0         30 

-----------------------------------------
Quantum particle in a box
-----------------------------------------
Eigenvalues of the Hamiltonian (k, calculated, exact, error):
0      9.85121629023148      9.86960440108936      0.0183881108578809
1      39.1847980490616      39.4784176043574      0.293619555295805
2      87.3454511043953      88.8264396098042      1.48098850540896
3      153.257391273985      157.91367041743      4.65627914344483
4      235.448248907834      246.740110027234      11.2918611193998
5      332.081994480176      355.305758439217      23.2237639590409
