--------------------------------
Matrix inverse
--------------------------------
Random square matrix A:
         2         18         19         11         17 
        15          3         11          0         11 
        13         11         18          6          3 
         1         16         12          4         11 
         8         16         16          5         18 

Matrix Q:
    0.0929      0.632      0.674    -0.0748      0.363 
     0.697     -0.344    -0.0584      -0.45      0.436 
     0.604     0.0257      0.298      0.185     -0.715 
    0.0465      0.586     -0.467     -0.595     -0.288 
     0.372      0.372     -0.485      0.636       0.29 

Matrix R:
      21.5       17.1       26.8       6.69       18.3 
         0         26       21.7       11.3       20.2 
         0          0       4.16       4.91      -2.16 
         0          0          0       1.09     -0.762 
         0          0          0          0       10.9 

Inverse matrix B:
     -0.16     -0.249       0.11     -0.344      0.495 
    -0.176     -0.262     0.0889     -0.161       0.41 
     0.233      0.461     -0.109       0.54     -0.813 
   -0.0453     -0.385      0.124     -0.565      0.603 
    0.0334     0.0401    -0.0658    -0.0266     0.0267 

A*B:
         1   5.55e-16  -4.44e-16  -1.39e-15  -2.78e-16 
 -9.99e-16          1  -2.22e-16  -2.72e-15   2.61e-15 
  1.94e-16  -9.71e-16          1  -1.55e-15   1.68e-15 
 -1.11e-15   7.77e-16  -6.66e-16          1     -5e-16 
  1.33e-15  -6.66e-16   8.88e-16  -8.33e-16          1 
