--------------------------------
Matrix inverse
--------------------------------
Random square matrix A:
        16         18          5         19         19 
         3         18         19         15          5 
         1         16         14         19         19 
        17          9         13         16         15 
         4         12         17          8          2 

Matrix Q:
      0.67     0.0969     -0.694     -0.228     0.0891 
     0.126      0.625      0.186     -0.212     -0.718 
    0.0418      0.623    -0.0638      0.708      0.324 
     0.711     -0.317      0.516      0.337     -0.117 
     0.167      0.335      0.461     -0.537      0.599 

Matrix R:
      23.9       23.4       18.4       28.1       25.2 
         0       24.1       22.6       20.7       12.7 
         0          0       13.7      0.324      -4.82 
         0          0          0       7.04         12 
         0          0          0          0        3.7 

Inverse matrix B:
    0.0301    -0.0274    -0.0498     0.0287     0.0408 
    0.0923    -0.0722   -0.00384     -0.106      0.138 
   -0.0405    -0.0617     0.0272     0.0241     0.0988 
   -0.0736      0.302    -0.0491      0.102     -0.353 
    0.0241     -0.194     0.0875    -0.0316      0.162 

A*B:
         1   8.88e-16  -2.22e-16   1.11e-16   8.88e-16 
   2.5e-16          1  -7.77e-16  -1.19e-15   2.22e-16 
  3.33e-16          0          1  -3.33e-16   1.78e-15 
  1.11e-16  -1.33e-15   2.22e-16          1   1.78e-15 
  6.11e-16   3.89e-16   4.44e-16   1.28e-15          1 
