-----------------------------------------
Jacobi diagonalization with cyclic sweeps
-----------------------------------------
Random real symmetric matrix A:
      4.36          4       1.73       5.18       1.18 
         4      0.271       7.34       4.87       6.09 
      1.73       7.34      0.438       4.42       7.83 
      5.18       4.87       4.42      0.994       2.06 
      1.18       6.09       7.83       2.06       3.38 

Eigenvalues of A:
     -7.52      -5.64      -2.63       5.12       20.1 

Eigenvectors of A (matrix V):
     0.147     -0.531      0.783      -0.13     -0.257 
 -0.000323     -0.675     -0.207      0.471      0.528 
     0.542     -0.105     -0.148     -0.698      0.431 
     0.752    -0.0493     -0.275      0.351     -0.483 
     0.345      0.498      0.497      0.388      0.486 

V*A*V^T:
     -7.52    9.3e-08   8.33e-12  -5.22e-15  -3.55e-15 
   9.3e-08      -5.64  -3.33e-15  -1.11e-15     -4e-15 
  8.33e-12  -3.11e-15      -2.63          0  -5.52e-09 
 -5.11e-15  -8.88e-16  -2.22e-16       5.12   2.33e-10 
    -4e-15  -2.66e-15  -5.52e-09   2.33e-10       20.1 

Matrix D:
     -7.52          0          0          0          0 
         0      -5.64          0          0          0 
         0          0      -2.63          0          0 
         0          0          0       5.12          0 
         0          0          0          0       20.1 

-----------------------------------------
Quantum particle in a box
-----------------------------------------
Eigenvalues of the Hamiltonian (k, calculated, exact, error):
0      9.85121629023148      9.86960440108936      0.0183881108578809
1      39.1847980490616      39.4784176043574      0.293619555295805
2      87.3454511043953      88.8264396098042      1.48098850540896
3      153.257391273985      157.91367041743      4.65627914344483
4      235.448248907834      246.740110027234      11.2918611193998
5      332.081994480176      355.305758439217      23.2237639590409
