-----------------------------------------
Jacobi diagonalization with cyclic sweeps
-----------------------------------------
Random real symmetric matrix A:
      3.48       4.01        5.3      0.736       1.54 
      4.01       9.95      0.325        5.9       8.97 
       5.3      0.325      0.728       1.84       1.47 
     0.736        5.9       1.84       6.52       6.54 
      1.54       8.97       1.47       6.54      0.162 

Eigenvalues of A:
     -6.18      -3.87       2.74       6.37       21.8 

Eigenvectors of A (matrix V):
     0.203     -0.428     -0.257     -0.197      0.819 
    -0.568     0.0821      0.679     -0.328      0.319 
    0.0922      0.575     -0.344     -0.736   -0.00735 
    -0.751       0.12     -0.576      0.268      0.133 
     0.251      0.681      0.149       0.49      0.459 

V*A*V^T:
     -6.18   6.44e-15   1.88e-15  -1.11e-08   7.99e-09 
     6e-15      -3.87   5.86e-16   7.67e-09  -2.36e-13 
  2.57e-15   1.06e-15       2.74  -4.32e-12  -2.35e-15 
 -1.11e-08   7.67e-09  -4.32e-12       6.37   4.77e-15 
  7.99e-09  -2.38e-13  -2.65e-15   5.55e-15       21.8 

Matrix D:
     -6.18          0          0          0          0 
         0      -3.87          0          0          0 
         0          0       2.74          0          0 
         0          0          0       6.37          0 
         0          0          0          0       21.8 

-----------------------------------------
Quantum particle in a box
-----------------------------------------
Eigenvalues of the Hamiltonian (k, calculated, exact, error):
0      9.85121629023148      9.86960440108936      0.0183881108578809
1      39.1847980490616      39.4784176043574      0.293619555295805
2      87.3454511043953      88.8264396098042      1.48098850540896
3      153.257391273985      157.91367041743      4.65627914344483
4      235.448248907834      246.740110027234      11.2918611193998
5      332.081994480176      355.305758439217      23.2237639590409
