--------------------------------
Matrix inverse
--------------------------------
Random square matrix A:
        10         17          2         15         18 
         3         18         17         10         14 
         8          7         12          6          3 
         1         18         14          1          6 
        18         16         17         11         10 

Matrix Q:
     0.448      0.223     -0.819      0.194     -0.202 
     0.134      0.616      0.307      0.629      0.337 
     0.358     -0.103       0.42      0.243     -0.791 
    0.0448      0.716      0.116     -0.654     -0.212 
     0.807      -0.22      0.211     -0.284      0.419 

Matrix R:
      22.3       26.3       21.8       19.1       19.4 
         0       23.5         16       7.17       14.4 
         0          0       13.8      -4.26      -6.38 
         0          0          0       6.88       6.26 
         0          0          0          0       1.64 

Inverse matrix B:
     -0.03    -0.0227     -0.137    -0.0182      0.138 
    0.0915      -0.13      0.178      0.133     -0.116 
   -0.0728     0.0876    -0.0461    -0.0443     0.0488 
      0.14     -0.096      0.475     0.0225     -0.274 
    -0.123      0.206     -0.483     -0.129      0.256 

A*B:
         1  -4.44e-16   1.78e-15  -4.44e-16   8.88e-16 
 -8.88e-16          1  -1.78e-15   2.22e-16  -4.44e-16 
  1.67e-15  -1.44e-15          1  -7.22e-16   1.55e-15 
 -8.88e-16   6.66e-16  -4.44e-16          1   1.55e-15 
  8.88e-16  -8.88e-16   8.88e-16   1.33e-15          1 
